0,0,0,0.691,302.0,163.0,458.2,299.1
0,1,2,0.738,735.1,167.4,934.9,372.5
0,2,1,0.940,1108.4,166.9,1205.8,324.9
1,0,0,0.720,298.0,162.4,454.5,291.1
1,1,2,0.728,736.0,162.1,938.6,372.7
1,2,1,0.891,1124.1,163.1,1216.8,327.7
2,0,0,0.748,296.2,158.1,451.3,283.1
2,1,2,0.677,742.8,157.2,940.4,373.3
2,2,1,0.907,1133.9,158.0,1217.5,328.7
3,0,0,0.708,294.3,153.0,449.9,277.2
3,1,2,0.677,743.0,157.1,940.6,373.2
3,2,1,0.812,1140.0,154.4,1225.0,326.4
4,0,0,0.727,293.7,149.8,448.4,274.0
4,1,2,0.667,752.7,150.6,949.4,371.9
4,2,1,0.754,1153.0,153.3,1232.5,327.2
5,0,0,0.702,291.1,148.4,446.5,271.9
5,1,2,0.667,753.8,150.0,950.6,371.4
5,2,1,0.754,1154.9,153.0,1234.5,326.9
5,3,0,0.582,368.7,157.6,453.2,202.0
6,0,0,0.702,290.4,147.3,445.9,270.8
6,1,2,0.716,759.9,149.1,957.1,371.8
6,2,1,0.754,1156.9,152.7,1236.4,326.6
6,3,0,0.686,377.9,161.2,456.2,202.1
7,0,0,0.702,289.8,146.2,445.3,269.7
7,1,2,0.761,764.5,149.2,961.8,372.3
7,2,1,0.754,1158.9,152.4,1238.4,326.3
7,3,0,0.724,382.8,161.1,464.1,203.4
8,0,0,0.699,285.7,150.1,439.6,271.2
8,1,2,0.722,766.6,150.0,966.6,371.9
8,2,1,0.754,1160.9,152.1,1240.4,326.0
8,3,0,0.734,386.6,164.3,469.9,204.3
9,0,0,0.699,284.3,149.5,438.2,270.7
9,1,2,0.722,769.1,149.8,969.1,371.7
9,2,1,0.754,1162.8,151.8,1242.4,325.8
9,3,0,0.722,395.0,167.5,478.8,207.9
10,0,0,0.699,283.0,149.0,436.9,270.1
10,1,2,0.764,767.3,153.2,969.3,373.8
10,2,1,0.754,1164.8,151.5,1244.3,325.5
10,3,0,0.790,402.3,169.5,487.1,210.6
11,0,0,0.694,280.5,152.5,432.1,273.2
11,1,2,0.802,765.9,153.9,969.1,374.0
11,2,1,0.754,1166.8,151.2,1246.3,325.2
11,3,0,0.730,409.8,170.7,495.0,212.0
12,0,0,0.640,278.1,153.0,428.4,272.7
12,1,2,0.837,762.6,154.0,964.7,374.1
12,2,1,0.754,1168.8,150.9,1248.3,324.9
12,3,0,0.703,419.8,172.9,505.8,213.8
13,0,0,0.629,275.6,154.6,425.0,273.7
13,1,2,0.760,757.8,154.5,959.9,374.4
13,2,1,0.754,1170.7,150.6,1250.3,324.6
13,3,0,0.703,424.5,174.0,510.4,214.9
14,0,0,0.724,274.8,157.0,423.4,273.5
14,1,2,0.734,755.7,154.5,956.5,374.4
14,2,1,0.754,1172.7,150.3,1252.2,324.3
14,3,0,0.703,429.2,175.2,515.1,216.1
15,0,0,0.694,275.5,157.5,422.5,272.5
15,1,2,0.693,751.2,157.1,951.6,375.7
15,2,1,0.754,1174.7,150.0,1254.2,324.0
15,3,0,0.670,441.5,170.1,528.2,212.2
16,0,0,0.694,273.9,157.8,420.9,272.8
16,1,2,0.714,743.8,158.7,943.6,376.1
16,2,1,0.754,1176.6,149.8,1256.2,323.7
16,3,0,0.695,449.9,169.8,537.3,213.2
17,0,0,0.762,271.7,155.9,415.8,269.3
17,1,2,0.780,740.3,162.7,940.0,377.9
17,2,1,0.754,1178.6,149.5,1258.2,323.4
17,3,0,0.743,458.4,168.5,546.8,212.9
18,0,0,0.762,269.8,155.6,413.8,269.1
18,1,2,0.828,734.8,164.4,933.5,377.7
18,2,1,0.754,1180.6,149.2,1260.1,323.1
18,3,0,0.788,467.3,171.2,556.4,216.0
19,0,0,0.816,272.8,162.1,413.6,273.9
19,1,2,0.748,727.7,165.4,925.3,377.8
19,2,1,0.754,1182.6,148.9,1262.1,322.8
19,3,0,0.715,474.9,174.2,563.8,219.0
20,0,0,0.753,273.7,169.6,412.6,279.1
20,1,2,0.748,723.5,166.3,921.1,378.7
20,3,0,0.707,482.8,178.3,571.8,223.6
21,0,0,0.695,277.3,172.9,412.9,281.6
21,1,2,0.766,713.1,168.1,909.5,377.6
21,3,0,0.751,490.8,180.2,580.3,225.1
22,0,0,0.671,281.2,172.8,414.7,280.7
22,1,2,0.713,705.2,168.0,899.7,376.0
22,3,0,0.754,499.6,179.9,588.8,225.3
23,0,0,0.689,285.2,170.9,415.9,277.3
23,1,2,0.702,698.2,170.2,890.7,376.6
23,3,0,0.740,510.6,179.4,600.7,224.7
24,0,0,0.727,289.0,171.2,417.3,276.1
24,1,2,0.663,690.1,170.7,880.7,376.5
24,3,0,0.796,522.6,177.1,612.1,223.5
25,0,0,0.712,294.8,169.9,419.7,273.2
25,1,2,0.663,683.3,171.3,873.9,377.1
25,3,0,0.796,531.6,177.6,621.1,224.0
26,0,0,0.653,300.3,163.8,422.4,266.3
26,1,2,0.663,676.5,171.9,867.1,377.7
26,3,0,0.796,540.6,178.0,630.2,224.5
27,0,0,0.733,306.1,157.8,424.6,258.7
27,1,2,0.697,659.0,168.1,846.3,371.3
27,3,0,0.741,546.4,170.5,637.0,217.1
28,0,0,0.749,312.6,154.2,426.7,254.4
28,1,2,0.727,647.8,164.8,831.6,366.0
28,3,0,0.744,554.0,166.3,644.1,214.3
29,0,0,0.749,315.2,151.7,429.4,251.9
29,1,2,0.771,637.9,160.9,817.7,360.4
29,3,0,0.744,562.4,165.1,652.5,213.1
30,0,0,0.803,322.7,152.0,433.0,251.4
30,1,2,0.809,628.8,158.6,805.6,356.8
30,3,0,0.703,571.1,159.6,663.7,208.5
31,0,0,0.803,325.9,149.9,436.1,249.3
31,1,2,0.809,618.9,156.8,795.6,355.0
31,3,0,0.674,579.9,157.0,674.2,206.7
32,0,0,0.839,338.2,152.2,444.6,250.4
32,1,2,0.756,609.4,157.4,781.4,352.9
32,3,0,0.673,588.4,155.3,684.1,205.4
33,0,0,0.792,346.9,153.7,451.8,250.5
33,1,2,0.713,597.5,156.6,765.6,349.3
33,3,0,0.723,595.9,154.7,693.7,204.2
34,0,0,0.719,357.4,152.7,459.9,247.7
34,1,2,0.745,591.2,156.0,755.4,347.9
34,3,0,0.729,605.5,154.6,704.7,205.2
35,0,0,0.699,367.6,151.6,469.1,246.5
35,1,2,0.749,582.2,156.4,743.4,346.1
35,3,0,0.740,616.7,157.0,716.9,208.4
36,0,0,0.746,378.6,152.6,478.7,246.3
36,1,2,0.687,576.5,155.8,735.0,344.3
36,3,0,0.752,627.2,156.2,728.9,208.7
37,0,0,0.797,390.5,153.4,491.3,246.0
37,1,2,0.652,569.9,155.3,724.8,342.8
37,3,0,0.752,637.1,155.7,738.7,208.2
38,0,0,0.718,403.1,155.0,504.5,247.2
38,1,2,0.698,563.4,156.9,715.3,342.7
38,3,0,0.808,647.4,157.3,750.3,210.2
39,0,0,0.734,416.1,154.4,518.6,246.1
39,1,2,0.688,556.4,156.6,705.4,340.4
39,3,0,0.796,659.9,157.5,765.0,211.1
40,0,0,0.774,429.8,157.3,534.1,248.0
40,1,2,0.640,554.0,158.8,699.0,341.0
40,3,0,0.796,670.5,157.5,775.7,211.1
41,0,0,0.821,445.6,156.8,551.8,247.4
41,1,2,0.649,554.1,161.0,695.5,342.3
41,3,0,0.796,681.2,157.5,786.4,211.1
42,0,0,0.738,462.4,157.8,569.8,248.2
42,1,2,0.721,555.5,162.4,692.9,343.0
42,3,0,0.839,703.4,158.6,811.1,213.4
43,0,0,0.721,479.3,159.3,587.2,248.8
43,1,2,0.721,549.6,162.5,687.0,343.1
43,3,0,0.824,722.6,158.9,832.4,215.0
44,0,0,0.766,495.5,158.9,604.7,248.7
44,1,2,0.709,553.4,166.6,687.4,346.5
44,3,0,0.822,736.5,159.3,849.5,216.6
45,0,0,0.741,514.9,159.8,624.8,248.6
45,1,2,0.697,556.1,168.0,689.5,347.6
45,3,0,0.734,752.6,160.7,867.6,219.0
46,0,0,0.689,535.1,159.6,645.7,249.0
46,1,2,0.743,560.4,167.2,691.0,347.4
46,3,0,0.757,770.2,161.2,887.8,220.6
47,0,0,0.668,555.4,156.8,666.3,246.0
47,1,2,0.743,558.1,167.8,688.7,348.0
47,3,0,0.696,789.7,160.1,908.8,220.1
48,0,0,0.691,576.5,155.8,687.4,245.1
48,1,2,0.720,571.9,167.5,700.7,347.2
48,3,0,0.682,807.7,158.5,928.1,219.4
49,0,0,0.691,594.1,155.4,705.1,244.6
49,1,2,0.779,579.7,167.0,707.0,346.4
49,3,0,0.742,827.4,156.3,951.6,219.5
50,0,0,0.691,611.8,154.9,722.8,244.2
50,1,2,0.709,590.2,165.4,716.0,345.6
50,3,0,0.684,847.3,154.6,974.6,219.2
51,0,0,0.766,638.8,154.9,751.7,243.6
51,1,2,0.712,600.8,165.0,724.7,344.8
51,3,0,0.738,866.8,153.5,996.5,219.3
52,0,0,0.770,664.2,154.5,778.0,243.6
52,1,2,0.673,613.0,163.9,735.0,344.0
52,3,0,0.666,887.8,154.4,1019.8,223.4
53,0,0,0.797,687.4,153.5,803.2,242.2
53,1,2,0.707,625.2,162.2,745.9,342.8
53,3,0,0.673,908.8,154.7,1045.1,224.3
54,0,0,0.763,710.7,154.3,828.3,242.5
54,1,2,0.646,637.4,160.4,756.7,342.3
54,3,0,0.686,930.1,154.6,1069.9,226.3
55,0,0,0.765,733.1,152.1,852.0,240.1
55,1,2,0.627,653.0,160.0,770.3,341.9
55,3,0,0.689,950.5,153.5,1095.2,226.2
56,0,0,0.725,757.6,152.0,878.4,240.6
56,1,2,0.693,670.5,160.6,784.0,342.6
56,3,0,0.698,971.2,153.8,1120.6,229.0
57,0,0,0.774,782.5,151.4,904.4,241.6
57,1,2,0.682,687.2,161.3,798.4,342.4
57,3,0,0.688,991.8,152.6,1146.0,230.7
58,0,0,0.774,805.5,151.0,927.4,241.2
58,1,2,0.697,704.6,159.2,812.8,340.0
58,3,0,0.730,1013.9,151.6,1172.9,232.0
59,0,0,0.706,829.3,150.5,954.2,240.6
59,1,2,0.697,716.5,158.7,824.6,339.4
59,3,0,0.706,1035.4,150.2,1198.5,232.7
60,0,0,0.686,852.1,151.4,980.0,242.1
60,1,2,0.668,737.9,159.4,844.1,340.0
60,3,0,0.714,1055.5,147.7,1223.6,232.1
61,0,0,0.674,875.3,149.4,1006.2,240.2
61,1,2,0.736,757.0,156.5,860.9,338.4
61,3,0,0.785,1070.2,147.9,1241.0,235.0
62,0,0,0.701,897.1,147.9,1030.8,238.9
62,1,2,0.783,776.1,158.1,878.1,339.8
62,3,0,0.768,1081.3,147.2,1252.0,236.5
63,0,0,0.672,919.1,148.8,1056.6,239.7
63,1,2,0.794,795.2,158.6,896.0,339.8
63,3,0,0.768,1100.8,147.5,1271.5,236.8
64,0,0,0.659,940.2,149.3,1081.0,240.4
64,1,2,0.739,812.8,156.5,913.3,337.2
64,3,0,0.774,1104.7,146.2,1270.6,238.3
65,0,0,0.621,962.3,150.1,1106.6,240.3
65,1,2,0.684,830.4,157.2,930.8,337.4
65,3,0,0.790,1110.8,144.7,1271.4,239.8
66,0,0,0.649,983.7,150.4,1131.9,241.2
66,1,2,0.660,849.9,156.8,950.5,337.2
66,3,0,0.798,1118.3,144.4,1272.7,244.2
67,0,0,0.629,1003.9,150.9,1155.3,242.1
67,1,2,0.666,868.4,158.4,969.3,339.7
67,3,0,0.803,1123.1,144.2,1271.8,247.2
68,0,0,0.692,1021.6,152.3,1175.7,243.1
68,1,2,0.742,886.5,159.0,986.7,340.2
68,3,0,0.803,1133.8,144.9,1282.4,247.8
69,0,0,0.699,1038.8,152.7,1195.0,243.9
69,1,2,0.691,903.3,158.4,1003.5,338.9
69,3,0,0.835,1132.0,144.0,1273.4,250.9
70,0,0,0.774,1055.1,154.4,1214.0,244.9
70,1,2,0.691,920.4,158.4,1020.7,338.9
70,3,0,0.735,1136.9,143.2,1270.8,253.0
71,0,0,0.790,1069.3,153.3,1230.1,244.5
71,1,2,0.691,937.6,158.3,1037.8,338.8
71,3,0,0.694,1141.6,142.2,1268.5,255.0
72,0,0,0.771,1079.4,153.2,1241.8,243.9
72,1,2,0.665,948.3,155.9,1047.4,336.0
72,3,0,0.694,1147.4,142.9,1274.3,255.7
73,0,0,0.802,1089.2,152.3,1251.8,243.4
73,1,2,0.673,959.1,155.2,1057.1,335.1
73,3,0,0.761,1146.0,142.8,1266.7,259.4
74,0,0,0.844,1094.9,151.3,1257.2,242.6
74,1,2,0.746,969.8,156.1,1067.9,334.1
74,3,0,0.778,1145.9,144.1,1261.6,262.8
75,0,0,0.864,1100.4,152.8,1260.9,243.9
75,1,2,0.763,976.2,154.1,1074.3,330.8
75,3,0,0.741,1146.2,143.5,1258.1,266.5
76,0,0,0.777,1104.1,155.4,1262.4,246.9
76,1,2,0.816,980.1,154.8,1077.2,330.6
76,3,0,0.741,1148.4,144.7,1260.2,267.7
77,0,0,0.719,1106.5,155.7,1262.4,246.1
77,1,2,0.816,991.4,154.2,1088.5,329.9
77,3,0,0.677,1145.8,145.0,1254.1,272.5
78,0,0,0.719,1115.8,156.2,1271.7,246.6
78,1,2,0.798,983.3,156.9,1079.6,331.6
78,3,0,0.699,1142.5,146.4,1249.7,277.4
79,0,0,0.710,1109.1,158.6,1262.0,248.1
79,1,2,0.811,981.1,159.8,1075.8,332.0
79,3,0,0.759,1140.3,147.4,1246.5,283.2
80,0,0,0.710,1115.4,159.3,1268.3,248.9
80,1,2,0.819,976.2,162.5,1070.6,331.7
80,3,0,0.745,1134.6,150.8,1242.4,290.3
81,0,0,0.692,1105.3,160.8,1256.2,249.2
81,1,2,0.726,970.3,163.9,1062.8,331.6
81,3,0,0.745,1133.5,153.4,1241.3,292.9
82,0,0,0.742,1099.0,162.9,1247.0,248.6
82,1,2,0.778,963.5,165.6,1054.0,331.0
82,3,0,0.694,1125.3,152.3,1236.4,295.6
83,0,0,0.671,1092.1,164.5,1236.9,248.7
83,1,2,0.770,957.1,165.1,1045.6,328.6
83,3,0,0.694,1123.3,154.6,1234.3,297.9
84,0,0,0.671,1092.1,165.2,1236.8,249.4
84,1,2,0.770,956.1,165.2,1044.6,328.7
84,3,0,0.740,1111.5,151.7,1228.3,301.5
85,0,0,0.692,1075.3,163.1,1216.1,245.3
85,1,2,0.712,943.7,164.0,1030.8,324.7
85,3,0,0.709,1100.9,146.9,1224.2,303.4
86,0,0,0.645,1063.9,162.2,1199.2,243.2
86,1,2,0.712,940.7,163.7,1027.8,324.4
86,3,0,0.750,1095.3,144.6,1224.1,306.7
87,0,0,0.731,1052.5,160.8,1183.8,241.1
87,1,2,0.753,927.5,162.7,1012.4,320.9
87,3,0,0.704,1089.2,141.8,1223.6,308.7
88,0,0,0.734,1040.3,159.0,1166.5,236.8
88,1,2,0.700,915.6,163.0,998.9,316.9
88,3,0,0.776,1081.3,141.7,1222.3,313.9
89,0,0,0.691,1027.1,159.9,1147.9,235.5
89,1,2,0.731,906.8,162.7,987.5,313.6
89,3,0,0.719,1074.8,140.2,1221.6,317.2
90,0,0,0.668,1014.1,160.6,1129.7,234.3
90,1,2,0.717,899.0,162.6,977.3,310.5
90,3,0,0.780,1069.0,138.1,1221.3,322.0
91,0,0,0.672,1000.2,162.3,1110.4,234.3
91,1,2,0.717,891.8,161.5,970.1,309.4
91,3,0,0.803,1064.9,138.4,1222.2,327.9
92,0,0,0.691,986.1,163.5,1091.9,233.1
92,1,2,0.762,884.2,162.7,960.2,307.8
92,3,0,0.803,1061.5,137.5,1222.8,332.1
93,0,0,0.698,970.7,166.1,1071.9,234.0
93,1,2,0.691,875.8,163.4,951.1,305.7
93,3,0,0.820,1055.9,136.4,1222.7,337.6
94,0,0,0.687,956.1,164.6,1053.7,231.4
94,1,2,0.700,868.2,162.6,941.8,303.1
94,3,0,0.856,1048.5,135.9,1221.8,344.3
95,0,0,0.712,941.9,164.8,1034.7,229.8
95,1,2,0.683,861.4,164.9,934.1,302.4
95,3,0,0.872,1039.7,134.9,1220.3,350.3
96,0,0,0.663,928.7,165.3,1017.0,229.7
96,1,2,0.683,853.7,164.1,926.4,301.7
96,3,0,0.883,1031.3,131.4,1219.1,353.9
97,0,0,0.632,915.2,168.3,1000.3,231.1
97,1,2,0.683,846.0,163.4,918.7,300.9
97,3,0,0.847,1023.1,127.0,1218.2,355.8
98,0,0,0.610,900.9,169.6,981.4,231.9
98,1,2,0.721,842.2,164.5,913.4,298.9
98,3,0,0.752,1014.3,123.4,1215.9,357.9
99,0,0,0.674,885.8,168.5,963.7,229.5
99,1,2,0.740,835.7,163.8,906.9,295.3
99,3,0,0.752,1010.1,124.2,1211.7,358.8
100,0,0,0.674,870.5,168.4,948.4,229.4
100,1,2,0.800,831.5,166.0,901.8,294.9
100,3,0,0.811,1001.2,119.8,1212.2,359.9
101,0,0,0.674,855.2,168.4,933.1,229.4
101,1,2,0.737,826.8,166.5,896.1,293.8
101,3,0,0.842,994.7,113.3,1214.1,359.4
102,0,0,0.636,835.2,166.7,909.9,225.8
102,1,2,0.717,822.9,167.9,891.1,293.7
102,3,0,0.786,990.4,105.5,1216.4,358.3
103,0,0,0.729,821.9,167.7,892.5,225.3
103,1,2,0.770,819.1,168.5,886.5,292.5
103,3,0,0.791,984.8,99.0,1217.3,358.0
104,0,0,0.721,804.9,167.1,872.9,222.1
104,1,2,0.780,814.5,167.0,882.2,288.8
104,3,0,0.821,981.3,95.4,1219.5,358.6
105,0,0,0.730,786.5,170.2,851.6,224.0
105,1,2,0.718,809.4,166.3,877.5,287.2
105,3,0,0.850,977.5,92.8,1220.7,359.1
106,0,0,0.730,769.4,170.1,834.5,223.9
106,1,2,0.765,808.0,167.9,876.5,286.5
106,3,0,0.849,976.1,90.3,1223.4,360.1
107,0,0,0.737,754.6,169.6,816.7,222.4
107,1,2,0.800,806.5,168.6,874.3,286.2
107,3,0,0.871,975.4,89.8,1225.6,361.7
108,0,0,0.737,737.6,169.4,799.7,222.2
108,1,2,0.744,802.3,168.4,870.2,285.1
108,3,0,0.871,974.0,88.9,1224.2,360.8
109,0,0,0.791,724.0,169.9,784.6,221.6
109,1,2,0.710,799.1,169.8,866.6,285.8
109,3,0,0.804,984.0,88.7,1232.8,363.5
109,4,0,0.722,872.8,187.0,979.7,243.6
110,0,0,0.817,709.5,169.7,768.3,219.9
110,1,2,0.661,796.3,170.2,863.0,285.3
110,3,0,0.804,984.4,88.1,1233.2,363.0
110,4,0,0.703,868.7,184.2,978.3,243.1
111,0,0,0.759,694.0,168.7,751.6,218.1
111,1,2,0.677,791.7,171.5,857.7,285.9
111,3,0,0.736,1007.2,90.0,1248.2,366.6
111,4,0,0.756,861.9,183.4,971.0,243.8
112,0,0,0.731,678.7,170.8,734.2,219.2
112,1,2,0.677,787.6,171.5,853.6,285.9
112,3,0,0.736,1010.6,90.0,1251.6,366.5
112,4,0,0.769,855.0,183.4,963.7,244.3
113,0,0,0.774,664.4,171.5,718.4,219.9
113,1,2,0.628,782.8,168.1,846.7,281.2
113,3,0,0.736,1014.0,90.0,1254.9,366.5
113,4,0,0.769,854.1,183.4,962.9,244.3
113,5,0,0.930,3.1,175.8,254.3,283.2
114,0,0,0.826,649.1,173.1,701.8,219.7
114,1,2,0.690,778.1,169.7,840.9,281.0
114,3,0,0.736,1017.4,90.0,1258.3,366.5
114,4,0,0.819,840.9,183.6,949.8,244.5
114,5,0,0.882,3.9,174.2,243.4,286.6
114,6,0,0.731,1178.3,72.6,1235.1,373.5
115,0,0,0.794,634.3,172.2,686.3,218.8
115,1,2,0.677,770.5,170.8,831.9,281.0
115,3,0,0.736,1020.8,90.0,1261.7,366.5
115,4,0,0.819,838.3,183.6,947.2,244.5
115,5,0,0.895,2.4,172.3,236.4,287.9
116,0,0,0.794,618.5,172.1,670.4,218.8
116,1,2,0.670,762.7,170.7,822.5,280.3
116,3,0,0.736,1024.2,90.0,1265.1,366.5
116,4,0,0.794,819.4,186.3,930.0,246.9
116,5,0,0.894,1.6,173.3,225.3,293.6
117,0,0,0.720,603.2,172.4,653.9,218.7
117,1,2,0.701,754.7,172.5,814.4,281.2
117,3,0,0.736,1027.6,89.9,1268.5,366.5
117,4,0,0.768,808.5,188.8,919.3,251.8
117,5,0,0.780,-1.5,174.1,212.5,300.3
117,7,0,0.900,738.8,187.4,820.6,240.6
118,0,0,0.692,588.2,171.9,636.9,217.5
118,1,2,0.677,745.2,172.7,805.7,281.3
118,3,0,0.736,1030.9,89.9,1271.9,366.4
118,4,0,0.768,802.6,189.7,913.4,252.8
118,5,0,0.809,-6.8,176.7,194.8,308.4
118,7,0,0.800,729.7,187.4,818.2,239.9
119,0,0,0.762,576.5,170.7,623.3,215.8
119,1,2,0.625,735.4,173.2,794.9,281.4
119,3,0,0.736,1034.3,89.9,1275.3,366.4
119,4,0,0.704,791.2,190.3,901.1,255.2
119,5,0,0.813,-13.4,180.0,174.6,318.7
119,7,0,0.732,723.0,185.6,811.1,240.4
120,0,0,0.699,561.0,170.6,607.6,215.2
120,1,2,0.683,723.0,175.1,781.7,282.4
120,3,0,0.736,1037.7,89.9,1278.6,366.4
120,4,0,0.704,784.3,191.4,894.2,256.2
120,5,0,0.802,-22.3,183.9,148.8,327.3
120,7,0,0.727,714.2,187.9,805.5,242.5
121,0,0,0.710,546.7,173.2,592.7,217.0
121,1,2,0.651,708.8,172.9,767.7,279.4
121,3,0,0.736,1041.1,89.9,1282.0,366.4
121,4,0,0.661,771.0,190.7,882.0,258.6
121,5,0,0.802,-29.3,186.9,141.8,330.3
121,7,0,0.781,704.7,186.6,797.4,244.7
121,8,0,0.621,416.7,174.8,483.6,235.5
122,0,0,0.755,533.4,170.7,578.7,214.9
122,1,2,0.651,699.4,172.7,758.4,279.2
122,3,0,0.736,1044.5,89.8,1285.4,366.4
122,4,0,0.694,761.9,193.4,874.7,263.1
122,5,0,0.802,-36.3,189.9,134.7,333.3
122,7,0,0.824,693.3,186.7,786.9,246.2
122,8,0,0.716,402.8,180.1,476.3,234.6
122,9,0,0.552,635.1,178.6,699.5,232.3
123,0,0,0.792,518.2,170.0,564.5,214.6
123,1,2,0.702,674.9,172.6,735.6,278.1
123,3,0,0.736,1047.9,89.8,1288.8,366.3
123,4,0,0.639,752.9,191.5,866.7,265.1
123,5,0,0.802,-43.4,192.9,127.7,336.3
123,7,0,0.838,682.9,185.7,778.7,246.5
123,9,0,0.636,624.5,179.7,693.8,231.6
124,0,0,0.736,503.6,168.8,548.5,212.7
124,1,2,0.720,656.7,172.2,717.1,276.6
124,3,0,0.736,1051.3,89.8,1292.2,366.3
124,4,0,0.655,743.3,191.1,858.9,268.0
124,5,0,0.802,-50.4,195.9,120.7,339.3
124,7,0,0.742,670.2,187.9,766.3,247.6
124,9,0,0.691,618.2,180.5,685.3,229.0
124,10,0,0.741,350.6,179.4,435.5,237.3
125,0,0,0.736,488.6,168.2,533.5,212.1
125,1,2,0.709,638.3,172.3,699.5,276.1
125,3,0,0.736,1054.6,89.8,1295.6,366.3
125,4,0,0.704,734.2,193.0,852.5,271.3
125,5,0,0.802,-57.4,198.9,113.7,342.3
125,7,0,0.713,657.1,187.4,754.9,248.1
125,9,0,0.710,610.9,181.3,677.3,228.6
125,10,0,0.761,339.0,183.0,424.5,238.7
125,11,0,0.612,569.2,180.1,622.6,222.5
126,0,0,0.772,472.7,169.5,517.7,214.2
126,1,2,0.772,618.8,172.0,679.5,274.4
126,3,0,0.736,1058.0,89.8,1299.0,366.3
126,4,0,0.776,725.5,193.5,845.3,274.6
126,5,0,0.802,-64.4,201.9,106.7,345.3
126,7,0,0.780,643.3,188.0,742.8,250.3
126,9,0,0.710,609.9,181.3,676.3,228.6
126,10,0,0.812,338.5,180.8,421.5,237.8
126,11,0,0.647,561.4,180.7,620.5,222.3
126,12,0,0.785,303.7,181.2,397.3,243.5
126,13,0,0.653,537.6,183.3,579.4,212.8
127,0,0,0.777,459.2,170.6,503.3,213.0
127,1,2,0.772,604.0,171.6,664.6,274.0
127,4,0,0.822,718.3,194.0,840.2,277.5
127,5,0,0.802,-71.4,204.9,99.7,348.3
127,7,0,0.731,630.7,187.8,732.0,251.0
127,9,0,0.710,609.0,181.3,675.4,228.6
127,10,0,0.759,332.7,179.9,412.0,238.3
127,11,0,0.693,552.8,180.3,615.8,222.2
127,12,0,0.701,290.3,180.8,383.9,251.1
127,13,0,0.742,528.2,180.9,576.4,212.3
127,14,0,0.612,570.2,177.8,638.1,231.1
128,0,0,0.817,444.3,172.1,487.5,213.5
128,1,2,0.761,581.7,172.6,642.0,275.5
128,4,0,0.830,715.0,193.9,838.1,280.2
128,5,0,0.802,-78.4,207.9,92.7,351.3
128,7,0,0.707,620.6,187.9,724.0,252.2
128,9,0,0.710,608.0,181.3,674.4,228.6
128,10,0,0.790,319.2,178.0,400.3,238.2
128,11,0,0.693,552.5,180.3,615.5,222.2
128,12,0,0.719,276.7,183.2,373.6,252.0
128,13,0,0.735,527.9,181.0,585.2,215.8
128,14,0,0.700,558.4,178.0,637.0,235.0
129,0,0,0.796,432.8,172.3,475.9,213.2
129,1,2,0.700,562.1,174.0,622.0,277.0
129,4,0,0.799,713.0,193.4,838.8,282.8
129,5,0,0.802,-85.5,210.9,85.6,354.3
129,7,0,0.777,614.0,189.4,719.6,255.2
129,9,0,0.710,607.1,181.2,673.5,228.5
129,10,0,0.790,317.0,177.8,398.1,238.1
129,11,0,0.734,538.3,180.6,603.7,223.6
129,12,0,0.692,278.9,183.1,366.2,250.9
129,13,0,0.735,528.0,181.0,585.3,215.9
129,14,0,0.672,556.1,178.7,632.7,232.9
129,15,0,0.610,232.1,185.4,332.9,264.0
129,16,0,0.780,505.5,182.2,552.4,213.7
130,0,0,0.796,418.4,172.4,461.5,213.2
130,1,2,0.758,544.0,173.3,603.6,276.1
130,4,0,0.799,707.3,194.9,833.1,284.2
130,5,0,0.802,-92.5,213.9,78.6,357.3
130,7,0,0.777,605.8,190.2,711.5,256.1
130,9,0,0.710,606.2,181.2,672.6,228.5
130,10,0,0.790,314.9,177.6,395.9,237.9
130,11,0,0.734,536.7,180.7,602.0,223.7
130,12,0,0.699,275.8,183.3,360.5,250.2
130,13,0,0.792,524.4,181.9,583.7,218.6
130,14,0,0.634,550.5,178.2,628.0,233.1
130,15,0,0.608,220.1,187.8,332.9,266.6
130,16,0,0.748,502.4,183.5,548.2,215.1
130,17,0,0.709,305.2,195.5,354.7,234.7
131,0,0,0.796,404.1,172.4,447.1,213.3
131,1,2,0.780,528.2,173.3,588.3,275.1
131,4,0,0.839,718.2,196.5,848.9,291.7
131,5,0,0.802,-99.5,216.9,71.6,360.3
131,7,0,0.799,605.1,192.0,716.0,261.0
131,9,0,0.710,605.2,181.2,671.6,228.5
131,10,0,0.790,312.7,177.5,393.7,237.7
131,11,0,0.734,535.0,180.8,600.4,223.8
131,12,0,0.648,269.1,184.2,353.8,251.1
131,13,0,0.827,518.9,183.8,580.7,223.6
131,14,0,0.634,549.9,178.2,627.4,233.1
131,15,0,0.621,207.4,189.4,326.0,268.9
131,18,0,0.630,429.0,172.6,464.0,215.3
132,0,0,0.796,389.7,172.4,432.7,213.3
132,1,2,0.798,518.2,174.3,577.4,276.1
132,4,0,0.818,723.9,198.8,858.6,299.0
132,5,0,0.802,-106.5,219.9,64.6,363.3
132,7,0,0.767,602.6,192.4,718.0,263.6
132,9,0,0.710,604.3,181.2,670.7,228.5
132,10,0,0.790,310.5,177.3,391.5,237.6
132,11,0,0.734,533.3,180.8,598.7,223.9
132,12,0,0.648,267.1,184.3,351.8,251.3
132,13,0,0.732,516.4,183.7,580.5,226.1
132,14,0,0.645,545.4,180.5,624.5,236.9
132,15,0,0.641,194.7,192.6,319.4,273.2
132,16,0,0.731,498.2,185.2,546.3,218.6
132,17,0,0.722,290.4,194.0,350.3,234.4
132,18,0,0.595,424.3,170.2,462.8,212.9
133,0,0,0.796,375.3,172.4,418.3,213.3
133,1,2,0.799,507.7,175.9,566.8,278.0
133,4,0,0.812,734.0,199.3,872.3,306.3
133,5,0,0.802,-113.5,222.9,57.6,366.3
133,7,0,0.767,597.2,193.7,712.6,264.9
133,9,0,0.710,603.3,181.2,669.7,228.5
133,10,0,0.790,308.3,177.1,389.3,237.4
133,11,0,0.734,531.7,180.9,597.0,224.0
133,12,0,0.648,265.1,184.5,349.8,251.4
133,13,0,0.792,516.9,185.3,582.3,227.9
133,14,0,0.704,541.7,181.5,622.0,238.9
133,15,0,0.727,205.5,191.8,323.7,271.2
133,16,0,0.788,494.2,186.0,541.3,220.0
133,17,0,0.694,288.0,193.3,343.8,235.9
133,18,0,0.648,424.2,171.7,459.8,213.8
134,0,0,0.796,360.9,172.4,403.9,213.3
134,1,2,0.733,498.8,179.0,558.1,280.9
134,4,0,0.787,745.9,200.5,889.6,314.6
134,5,0,0.802,-120.5,225.9,50.6,369.4
134,7,0,0.767,591.8,195.0,707.2,266.2
134,9,0,0.710,602.4,181.2,668.8,228.5
134,10,0,0.790,306.1,177.0,387.1,237.2
134,11,0,0.734,530.0,181.0,595.4,224.1
134,12,0,0.626,263.1,181.7,343.8,245.6
134,13,0,0.740,516.8,185.1,583.8,228.3
134,14,0,0.685,539.3,184.2,622.2,242.2
134,15,0,0.792,212.0,189.8,327.2,268.0
134,16,0,0.799,494.1,186.7,541.7,221.5
134,17,0,0.694,287.6,193.3,343.3,235.9
134,18,0,0.682,424.0,170.4,461.2,214.0
135,0,0,0.796,346.5,172.5,389.5,213.3
135,1,2,0.677,492.4,176.2,552.1,278.2
135,4,0,0.787,749.7,203.6,893.3,317.6
135,5,0,0.802,-127.5,228.9,43.6,372.4
135,7,0,0.783,608.9,194.3,734.0,270.8
135,9,0,0.710,601.5,181.2,667.9,228.5
135,10,0,0.790,303.9,176.8,385.0,237.1
135,11,0,0.734,528.4,181.1,593.7,224.2
135,12,0,0.626,260.8,181.1,341.5,245.0
135,13,0,0.680,517.0,186.0,586.0,230.7
135,14,0,0.692,542.3,184.5,626.1,244.1
135,15,0,0.792,212.7,189.6,327.8,267.7
135,16,0,0.799,493.5,187.1,541.2,221.9
135,17,0,0.718,282.7,192.8,339.6,237.6
135,18,0,0.674,424.6,171.2,461.2,214.0
135,19,0,0.542,125.3,193.2,293.3,295.8
136,0,0,0.796,332.1,172.5,375.1,213.4
136,1,2,0.727,491.4,175.3,551.2,276.6
136,4,0,0.787,753.4,206.6,897.1,320.7
136,7,0,0.739,620.8,191.0,753.6,272.6
136,9,0,0.710,600.5,181.1,666.9,228.5
136,10,0,0.790,301.7,176.7,382.8,236.9
136,11,0,0.752,528.0,178.8,594.5,225.8
136,12,0,0.626,258.5,180.6,339.2,244.5
136,13,0,0.680,517.0,186.9,586.0,231.6
136,14,0,0.709,546.1,182.4,632.0,245.1
136,15,0,0.792,213.4,189.3,328.5,267.5
136,16,0,0.799,492.9,187.5,540.6,222.3
136,17,0,0.759,280.9,191.5,339.0,236.2
136,18,0,0.702,427.0,171.1,463.1,213.8
136,19,0,0.539,113.5,195.4,290.5,296.0
136,20,0,0.810,787.2,179.6,1007.8,371.2
137,0,0,0.796,317.7,172.5,360.7,213.4
137,1,2,0.727,481.1,175.3,540.9,276.6
137,4,0,0.787,757.2,209.7,900.9,323.7
137,7,0,0.768,629.5,189.3,771.4,276.0
137,9,0,0.710,599.6,181.1,666.0,228.4
137,10,0,0.790,299.5,176.5,380.6,236.7
137,11,0,0.781,530.0,177.8,600.2,225.2
137,12,0,0.626,256.2,180.0,336.8,243.9
137,13,0,0.680,517.0,187.8,586.0,232.6
137,14,0,0.709,546.6,183.1,632.5,245.9
137,15,0,0.792,214.0,189.1,329.2,267.2
137,16,0,0.799,492.4,187.9,540.0,222.7
137,17,0,0.749,280.4,193.0,339.7,238.7
137,18,0,0.770,431.7,170.1,467.7,212.4
137,19,0,0.629,104.5,192.8,287.1,301.3
137,20,0,0.846,804.5,175.0,1045.3,373.4
138,0,0,0.796,303.3,172.5,346.3,213.4
138,1,2,0.727,470.9,175.2,530.7,276.5
138,4,0,0.787,761.0,212.7,904.7,326.8
138,7,0,0.768,632.9,190.3,774.9,277.0
138,9,0,0.710,598.7,181.1,665.1,228.4
138,10,0,0.775,297.7,179.6,370.4,231.9
138,11,0,0.786,530.5,176.3,604.1,224.9
138,12,0,0.626,253.9,179.5,334.5,243.4
138,13,0,0.695,513.8,178.8,579.1,222.7
138,14,0,0.774,559.1,180.1,648.0,244.7
138,15,0,0.767,210.7,183.6,326.8,264.3
138,16,0,0.799,491.8,188.2,539.5,223.1
138,17,0,0.702,280.1,193.2,341.6,241.3
138,18,0,0.763,438.3,168.8,474.9,211.7
138,19,0,0.629,104.3,192.9,286.8,301.3
138,20,0,0.844,821.7,174.1,1088.0,373.6
138,21,2,0.720,510.7,165.5,559.9,271.8
138,22,1,0.695,706.4,158.3,739.3,225.0
139,0,0,0.796,288.9,172.5,331.9,213.4
139,1,2,0.727,460.6,175.2,520.4,276.4
139,4,0,0.787,764.8,215.8,908.4,329.9
139,7,0,0.700,655.7,194.3,811.5,289.0
139,9,0,0.710,597.7,181.1,664.1,228.4
139,10,0,0.754,299.8,182.1,368.2,230.8
139,11,0,0.767,537.6,174.5,612.5,225.7
139,12,0,0.626,251.5,178.9,332.2,242.8
139,13,0,0.735,518.5,178.1,581.5,221.3
139,14,0,0.706,569.6,177.9,661.2,245.6
139,15,0,0.725,209.2,182.4,325.7,263.2
139,16,0,0.799,491.2,188.6,538.9,223.5
139,17,0,0.736,281.5,192.8,344.3,243.3
139,18,0,0.721,443.8,166.3,480.3,208.1
139,19,0,0.593,89.3,196.0,283.8,305.6
139,20,0,0.827,853.8,172.8,1141.2,373.6
139,21,2,0.727,512.0,165.9,561.7,268.9
139,23,1,0.508,728.2,159.8,754.1,234.9
140,0,0,0.796,274.5,172.6,317.5,213.4
140,1,2,0.727,450.4,175.1,510.2,276.4
140,4,0,0.787,768.5,218.8,912.2,332.9
140,7,0,0.689,676.8,196.9,845.0,299.6
140,9,0,0.710,596.8,181.1,663.2,228.4
140,10,0,0.754,297.5,181.9,366.0,230.6
140,11,0,0.765,545.5,176.2,621.7,228.6
140,12,0,0.626,249.2,178.4,329.9,242.3
140,13,0,0.723,525.4,177.6,586.8,219.3
140,14,0,0.680,583.3,175.5,678.3,245.0
140,15,0,0.703,208.7,181.7,327.3,263.8
140,16,0,0.799,490.7,189.0,538.3,223.9
140,17,0,0.716,284.0,195.5,348.4,247.0
140,18,0,0.694,452.5,167.2,488.5,209.0
140,19,0,0.591,72.7,199.0,278.8,312.1
140,20,0,0.789,895.8,173.0,1180.2,373.0
140,24,1,0.856,744.8,161.4,771.3,233.1
141,0,0,0.796,260.1,172.6,303.1,213.5
141,1,2,0.727,440.1,175.0,499.9,276.3
141,4,0,0.787,772.3,221.9,916.0,336.0
141,7,0,0.699,698.7,201.0,881.9,312.5
141,9,0,0.769,570.6,179.4,643.8,231.5
141,10,0,0.754,295.3,181.8,363.7,230.5
141,11,0,0.742,544.6,178.1,617.1,228.9
141,12,0,0.626,246.9,177.8,327.6,241.7
141,13,0,0.723,526.3,176.8,587.7,218.4
141,14,0,0.743,594.8,175.5,693.2,247.2
141,15,0,0.732,206.8,183.1,328.8,267.0
141,16,0,0.799,490.1,189.4,537.8,224.3
141,17,0,0.700,289.3,195.4,355.4,247.5
141,18,0,0.658,463.0,167.3,499.1,209.1
141,19,0,0.673,56.5,200.6,272.2,318.4
141,20,0,0.817,944.0,173.3,1213.9,373.2
141,21,2,0.719,516.1,165.2,565.9,268.5
141,25,1,0.868,763.4,159.2,793.8,232.9
142,0,0,0.796,245.7,172.6,288.7,213.5
142,1,2,0.727,429.9,175.0,489.7,276.3
142,4,0,0.787,776.1,225.0,919.8,339.0
142,7,0,0.744,723.0,205.1,924.1,325.5
142,9,0,0.782,570.6,181.0,650.0,235.7
142,10,0,0.754,313.7,183.8,379.1,231.1
142,11,0,0.704,545.1,177.0,616.6,226.5
142,12,0,0.626,244.6,177.2,325.3,241.1
142,13,0,0.723,527.2,175.9,588.6,217.6
142,14,0,0.800,606.1,175.3,708.4,249.5
142,15,0,0.704,205.4,183.2,331.5,269.4
142,16,0,0.799,489.6,189.8,537.2,224.7
142,17,0,0.733,292.1,196.0,360.5,249.5
142,18,0,0.615,473.1,168.8,509.4,210.5
142,19,0,0.629,38.1,203.1,265.0,325.2
142,20,0,0.766,995.3,174.3,1244.3,373.7
142,21,2,0.692,519.8,168.4,570.6,268.6
142,26,1,0.760,786.1,156.7,820.0,238.7
143,0,0,0.796,231.3,172.6,274.3,213.5
143,1,2,0.727,419.6,174.9,479.4,276.2
143,4,0,0.787,779.9,228.0,923.6,342.1
143,7,0,0.732,748.0,209.2,970.1,338.6
143,9,0,0.804,577.1,181.9,659.2,239.2
143,10,0,0.754,314.3,183.9,379.7,231.2
143,11,0,0.774,552.4,180.4,623.0,228.8
143,12,0,0.626,242.3,176.7,322.9,240.6
143,13,0,0.723,528.2,175.1,589.6,216.7
143,14,0,0.777,619.5,175.7,726.0,253.3
143,15,0,0.756,202.6,184.7,332.7,273.7
143,16,0,0.799,489.0,190.2,536.6,225.1
143,17,0,0.733,294.1,196.9,362.5,250.4
143,18,0,0.615,479.0,168.8,515.3,210.5
143,19,0,0.642,24.6,205.3,258.4,332.6
143,20,0,0.742,1054.3,174.0,1273.9,373.7
143,21,2,0.747,522.0,168.2,575.2,268.8
143,27,0,0.836,496.5,167.5,531.0,201.7
143,28,1,0.949,807.9,164.7,844.1,249.1
144,0,0,0.796,216.9,172.6,259.9,213.5
144,1,2,0.727,409.4,174.9,469.2,276.2
144,4,0,0.787,783.6,231.1,927.3,345.1
144,7,0,0.690,779.5,210.0,1027.9,347.9
144,9,0,0.796,585.7,183.6,669.0,242.0
144,10,0,0.690,327.3,186.4,392.4,233.1
144,11,0,0.801,561.6,179.1,631.3,226.7
144,12,0,0.626,240.0,176.1,320.6,240.0
144,13,0,0.723,529.1,174.2,590.5,215.9
144,14,0,0.810,634.2,176.9,745.3,257.5
144,15,0,0.800,197.7,186.6,333.7,278.4
144,16,0,0.799,488.4,190.6,536.1,225.5
144,17,0,0.747,297.3,195.1,370.5,249.9
144,18,0,0.615,484.9,168.7,521.3,210.4
144,19,0,0.700,14.4,206.0,252.8,339.4
144,20,0,0.742,1077.3,174.0,1296.9,373.8
144,21,2,0.784,525.8,168.9,579.8,269.5
144,27,0,0.853,498.4,166.9,531.5,206.0
145,1,2,0.727,399.1,174.8,458.9,276.1
145,4,0,0.787,787.4,234.1,931.1,348.2
145,7,0,0.712,815.9,208.9,1097.6,354.3
145,9,0,0.748,595.4,183.6,682.5,244.2
145,10,0,0.671,336.6,186.2,401.7,233.2
145,11,0,0.741,570.6,180.0,639.1,228.4
145,12,0,0.626,237.6,175.6,318.3,239.5
145,13,0,0.723,530.0,173.3,591.4,215.0
145,14,0,0.810,645.3,177.9,756.3,258.5
145,15,0,0.791,192.1,187.7,334.4,283.0
145,16,0,0.799,487.9,191.0,535.5,225.8
145,17,0,0.763,299.3,195.4,375.2,250.2
145,18,0,0.615,490.9,168.7,527.2,210.4
145,19,0,0.720,6.6,208.7,247.3,348.7
145,20,0,0.742,1100.2,174.1,1319.8,373.8
145,21,2,0.717,529.0,168.6,583.4,269.4
145,27,0,0.770,504.0,165.3,536.2,203.8
145,29,1,0.735,858.3,153.8,905.5,248.4
146,1,2,0.727,388.9,174.8,448.7,276.0
146,4,0,0.787,791.2,237.2,934.9,351.3
146,7,0,0.691,843.2,207.5,1148.7,358.4
146,9,0,0.726,606.4,181.0,696.7,243.7
146,10,0,0.703,341.8,185.9,408.3,233.3
146,11,0,0.745,582.1,181.2,649.6,230.4
146,12,0,0.626,235.3,175.0,316.0,238.9
146,13,0,0.723,530.9,172.5,592.3,214.2
146,14,0,0.717,667.5,180.6,784.8,266.6
146,15,0,0.808,184.5,185.0,333.6,284.9
146,16,0,0.799,487.3,191.4,535.0,226.2
146,17,0,0.744,300.7,195.3,380.3,251.6
146,18,0,0.615,496.8,168.6,533.1,210.3
146,19,0,0.785,1.4,211.4,243.5,356.6
146,20,0,0.742,1123.2,174.1,1342.8,373.9
146,21,2,0.778,535.7,169.0,590.6,269.5
146,27,0,0.770,504.2,165.3,536.4,203.8
146,30,0,0.866,522.6,164.8,555.6,209.3
146,31,1,0.794,882.2,152.2,931.2,262.2
147,1,2,0.727,378.6,174.7,438.4,276.0
147,4,0,0.787,795.0,240.3,938.7,354.3
147,7,0,0.716,866.2,207.1,1188.3,362.5
147,9,0,0.660,619.6,178.9,713.0,242.7
147,10,0,0.763,346.3,185.9,413.6,233.4
147,11,0,0.759,592.5,180.3,659.4,230.0
147,12,0,0.626,233.0,174.4,313.7,238.4
147,13,0,0.723,531.9,171.6,593.3,213.3
147,14,0,0.695,682.2,181.7,806.5,271.9
147,15,0,0.850,177.1,182.2,333.5,285.6
147,16,0,0.799,486.7,191.8,534.4,226.6
147,17,0,0.712,301.1,193.2,383.2,251.1
147,18,0,0.615,502.7,168.5,539.0,210.2
147,19,0,0.820,-2.4,211.4,238.7,361.4
147,20,0,0.742,1146.1,174.2,1365.7,373.9
147,21,2,0.753,542.5,166.6,596.9,267.1
147,27,0,0.770,504.4,165.2,536.6,203.7
147,30,0,0.888,523.3,166.6,558.1,205.7
147,32,1,0.844,915.3,154.4,966.7,270.0
148,1,2,0.727,368.4,174.6,428.2,275.9
148,4,0,0.787,798.8,243.3,942.4,357.4
148,7,0,0.687,886.7,205.5,1218.5,365.1
148,9,0,0.720,633.0,177.8,730.6,243.9
148,10,0,0.701,351.0,185.2,419.4,233.0
148,11,0,0.728,605.9,178.9,672.4,228.8
148,12,0,0.626,230.7,173.9,311.4,237.8
148,13,0,0.723,532.8,170.8,594.2,212.5
148,14,0,0.695,698.2,181.0,832.3,276.5
148,15,0,0.877,166.0,184.3,330.4,291.9
148,16,0,0.799,486.2,192.2,533.8,227.0
148,17,0,0.725,299.2,192.0,384.5,251.4
148,18,0,0.615,508.7,168.5,545.0,210.2
148,19,0,0.759,-7.7,211.1,230.1,364.8
148,20,0,0.742,1169.1,174.2,1388.7,374.0
148,21,2,0.689,550.8,167.1,605.6,267.4
148,27,0,0.770,504.6,165.2,536.8,203.7
148,33,0,0.865,540.6,166.6,570.3,195.1
149,1,2,0.727,358.1,174.6,417.9,275.9
149,4,0,0.787,802.5,246.4,946.2,360.4
149,7,0,0.676,906.9,204.1,1242.0,366.7
149,9,0,0.725,646.3,178.3,747.8,247.4
149,10,0,0.701,355.4,185.3,423.8,233.1
149,11,0,0.770,615.9,178.2,683.0,228.2
149,12,0,0.626,228.4,173.3,309.0,237.2
149,13,0,0.723,533.7,169.9,595.1,211.6
149,14,0,0.692,716.0,181.3,859.3,282.5
149,15,0,0.844,149.0,186.1,323.5,298.3
149,16,0,0.799,485.6,192.6,533.3,227.4
149,17,0,0.690,295.6,192.1,385.1,251.8
149,18,0,0.615,514.6,168.4,550.9,210.1
149,19,0,0.801,-13.7,211.7,218.5,367.3
149,20,0,0.742,1192.0,174.3,1411.6,374.0
149,21,2,0.689,555.3,166.9,610.0,267.2
149,27,0,0.770,504.8,165.1,537.0,203.6
149,33,0,0.807,545.1,165.3,576.3,199.4
150,1,2,0.727,347.9,174.5,407.7,275.8
150,7,0,0.696,931.4,204.8,1262.3,368.5
150,9,0,0.753,659.1,180.6,764.8,251.4
150,10,0,0.701,359.7,185.4,428.1,233.2
150,11,0,0.708,626.8,180.3,694.9,229.9
150,13,0,0.723,534.6,169.1,596.0,210.8
150,14,0,0.692,735.3,183.3,890.0,292.0
150,15,0,0.821,131.9,187.8,317.6,305.2
150,17,0,0.690,291.4,191.9,385.3,253.7
150,18,0,0.615,520.5,168.4,556.8,210.1
150,19,0,0.743,-19.3,213.5,205.6,370.4
150,20,0,0.742,1215.0,174.3,1434.6,374.0
150,21,2,0.719,561.1,166.3,616.3,267.3
150,27,0,0.770,505.0,165.1,537.2,203.6
150,33,0,0.746,547.3,166.7,578.7,201.0
150,34,1,0.827,1041.5,149.2,1096.2,296.4
151,1,2,0.727,337.6,174.5,397.4,275.8
151,7,0,0.711,967.8,204.6,1284.2,370.2
151,9,0,0.691,670.2,183.2,780.4,257.1
151,10,0,0.696,355.7,185.5,425.8,234.6
151,11,0,0.708,636.6,182.2,706.2,233.0
151,13,0,0.723,535.6,168.2,597.0,209.9
151,14,0,0.764,754.7,186.4,922.2,304.0
151,15,0,0.821,126.2,190.0,311.9,307.5
151,17,0,0.684,286.4,195.4,384.7,259.7
151,18,0,0.615,526.4,168.3,562.8,210.0
151,19,0,0.747,-25.7,213.7,189.4,372.0
151,20,0,0.742,1237.9,174.4,1457.5,374.1
151,21,2,0.697,565.1,166.3,619.5,268.2
151,27,0,0.770,505.2,165.0,537.4,203.5
151,33,0,0.710,551.0,165.9,581.2,200.0
151,35,1,0.785,1058.0,147.7,1189.2,312.0
152,7,0,0.680,1022.4,206.0,1311.1,372.0
152,9,0,0.674,681.9,185.0,798.7,262.3
152,10,0,0.692,353.7,185.7,425.8,237.1
152,11,0,0.730,646.5,183.4,716.9,234.9
152,13,0,0.732,555.9,164.4,609.6,205.0
152,14,0,0.705,776.5,190.2,960.1,317.1
152,15,0,0.739,87.1,195.7,292.3,321.8
152,17,0,0.742,279.2,199.2,383.1,265.5
152,18,0,0.615,532.4,168.2,568.7,209.9
152,19,0,0.765,-34.6,212.5,166.2,372.5
152,20,0,0.742,1260.9,174.4,1480.5,374.1
152,21,2,0.697,569.6,166.2,624.0,268.1
152,27,0,0.770,505.4,164.9,537.6,203.5
152,33,0,0.710,551.4,165.9,581.6,200.0
152,35,1,0.804,1086.9,145.2,1216.3,326.9
153,7,0,0.680,1052.8,208.0,1341.4,374.0
153,9,0,0.628,694.2,189.1,817.6,270.2
153,10,0,0.737,354.7,190.6,428.5,243.8
153,11,0,0.705,655.5,183.6,727.5,237.4
153,13,0,0.768,558.1,164.8,607.9,203.3
153,14,0,0.663,801.0,193.6,1004.0,330.3
153,15,0,0.752,59.0,198.9,280.2,334.7
153,17,0,0.742,278.5,201.0,382.5,267.2
153,18,0,0.615,538.3,168.2,574.6,209.9
153,19,0,0.765,-43.8,214.5,157.0,374.4
153,20,0,0.742,1283.8,174.5,1503.4,374.2
153,21,2,0.702,573.6,168.0,628.4,270.9
153,27,0,0.770,505.6,164.9,537.8,203.4
153,33,0,0.710,551.8,165.9,581.9,200.0
153,36,1,0.803,1188.4,149.5,1241.0,352.9
